Australian Bureau of Statistics

"2021 Census - counting persons, place of usual residence"
"LGA (UR) by 2-digit level INCAP Total Personal Income (administrative data) (weekly)"
"Counting: Person Records"

Filters:
"Default Summation","Person Records"

"2-digit level INCAP Total Personal Income (administrative data) (weekly)","Negative income","Nil income","$1-$149","$150-$299","$300-$399","$400-$499","$500-$649","$650-$799","$800-$999","$1000-$1249","$1250-$1499","$1500-$1749","$1750-$1999","$2000-$2499","$2500-$2999","$3000-$3499","$3500-$3999","$4000-$4499","$4500-$4999","$5000-$5999","$6000-$7999","$8000-$9999","$10000 or more","Admin not available","Not applicable","Total",
"LGA (UR)",
"Albury",115,2750,2040,1863,2936,4724,3387,2737,3739,4435,3405,2621,1862,2353,928,421,238,149,99,102,93,40,67,4406,10571,56093,
"Armidale",150,1644,1235,1164,1509,2243,1825,1323,1755,1883,1417,1042,772,1155,507,216,129,88,43,51,45,15,23,3651,5240,29124,
"Ballina",213,2826,2095,2177,3069,4071,2896,2242,3015,3144,2296,1661,1272,1837,813,412,285,126,82,114,98,47,59,3903,7539,46296,
"Balranald",31,104,71,78,110,148,95,80,105,163,122,95,44,63,22,8,8,3,0,0,0,0,0,395,434,2208,
"Bathurst",199,2446,1701,1549,2225,3167,2531,1821,2542,2986,2393,1967,1576,2239,843,411,243,119,86,117,86,30,41,4075,8175,43567,
"Bayside (NSW)",364,12057,6212,5792,9200,13185,9825,7942,10012,11357,10024,8042,6360,8743,4811,2635,1498,812,509,563,442,171,139,17994,26491,175184,
"Bega Valley",242,2327,1658,1611,2769,3291,2330,1741,2326,2375,1770,1229,825,1124,433,208,104,68,45,45,46,16,19,3914,5428,35942,
"Bellingen",105,929,605,532,929,1388,858,614,775,752,615,421,308,409,164,64,42,21,14,17,15,7,7,1438,2220,13253,
"Berrigan",86,492,300,305,803,895,559,355,510,523,372,307,188,272,96,40,19,15,8,8,9,6,0,1159,1332,8665,
"Blacktown",661,24967,13200,11994,17534,25629,20145,16020,21481,26986,24298,19010,14358,19797,9904,4871,2371,1184,653,672,420,118,99,30265,90124,396776,
"Bland",84,245,180,172,349,416,296,211,337,364,234,164,140,168,90,44,50,43,41,44,45,4,9,738,1088,5547,
"Blayney",86,472,285,242,391,570,389,326,376,491,369,301,237,299,148,58,35,24,28,76,41,22,9,713,1524,7497,
"Blue Mountains",239,6231,3877,3599,4277,6110,4088,3328,3995,4345,3912,3365,2822,4810,2329,1240,657,370,256,277,219,80,91,3986,13628,78121,
"Bogan",61,102,77,75,106,169,134,102,133,168,133,108,71,109,59,29,11,8,5,7,4,0,0,322,482,2467,
"Bourke",34,64,53,41,74,134,119,88,120,135,107,91,77,95,56,24,10,8,4,5,4,0,0,493,515,2340,
"Brewarrina",23,51,35,26,27,93,124,50,56,79,66,40,25,34,22,6,6,3,0,0,0,0,0,316,277,1356,
"Broken Hill",39,780,468,542,1170,1881,1342,759,969,1034,824,720,525,840,436,166,67,34,18,27,14,0,0,1963,2999,17588,
"Burwood",128,3537,1791,1580,2285,3182,2514,1852,2304,2361,1931,1383,1090,1632,920,567,346,201,122,142,127,48,67,5303,4802,40217,
"Byron",163,2565,1481,1320,1755,2920,2453,2005,2280,2185,1601,1090,781,1098,536,327,254,140,108,103,113,61,97,4871,5812,36116,
"Cabonne",208,858,476,477,780,1015,687,569,762,843,641,528,412,547,252,126,95,48,44,59,51,20,36,1444,2792,13766,
"Camden",222,6466,3959,3489,4502,5965,4966,4714,6560,8346,7607,6655,5290,7650,3483,1815,905,488,296,275,212,68,88,5206,30093,119325,
"Campbelltown (NSW)",234,10818,5974,5807,8635,13084,10405,8051,10745,13057,10879,8100,6053,7250,3041,1395,642,325,178,177,113,38,25,12634,38859,176519,
"Canada Bay",334,6915,3804,3129,3915,5183,3922,3291,4138,4880,4500,4024,3215,5241,3489,2404,1603,1078,719,824,787,363,474,6845,14101,89177,
"Canterbury-Bankstown",564,26956,13626,12862,22108,33970,24487,17696,20854,21595,17275,12865,9464,12619,6178,3229,1787,928,567,596,419,167,153,36566,73477,371006,
"Carrathool",54,124,96,83,103,164,150,139,157,223,150,102,72,89,36,16,11,9,3,7,4,0,0,508,567,2866,
"Central Coast (NSW)",711,20380,14810,13673,21402,31470,21930,15616,20769,23269,18594,13910,10879,15039,7070,3748,2175,1256,783,797,678,254,385,24654,62348,346596,
"Central Darling",14,77,37,31,90,133,153,69,74,83,66,39,32,30,20,16,9,4,0,0,4,0,0,453,302,1725,
"Cessnock",153,3014,2196,1871,3555,5494,3990,2860,4059,4472,3512,2425,1881,2414,1517,762,312,153,97,72,48,24,29,5888,12833,63632,
"Clarence Valley",374,3003,2123,2154,4473,5969,3944,2529,3276,3303,2354,1557,1173,1420,530,220,152,61,42,47,39,18,17,6684,8656,54115,
"Cobar",39,170,106,94,155,274,171,143,186,223,164,145,127,219,173,58,32,17,7,3,3,0,8,720,831,4059,
"Coffs Harbour",318,4218,3271,3092,5268,7334,5180,3845,5081,5573,4075,2875,2122,2765,1050,559,281,202,112,131,103,41,61,7238,13964,78759,
"Coolamon",22,224,162,155,304,401,253,205,222,307,229,163,98,168,85,44,27,17,13,3,11,0,4,413,866,4385,
"Coonamble",54,142,100,81,144,322,249,171,203,227,170,96,76,99,42,36,26,13,5,6,9,4,7,637,811,3732,
"Cootamundra-Gundagai",80,654,460,433,864,1145,689,455,626,730,572,355,237,350,164,86,52,33,11,21,15,5,9,1388,1982,11403,
"Cowra",122,652,447,461,939,1387,850,595,806,896,588,409,266,339,126,53,36,27,10,17,11,9,0,1513,2155,12724,
"Cumberland",343,17537,8261,8273,13183,20311,15020,11248,13424,14121,10879,8133,5983,7896,3865,1897,904,474,313,265,190,86,64,25908,46888,235439,
"Dubbo",294,2153,1729,1573,2454,3819,2804,2152,3384,3994,3210,2516,1946,2565,1083,426,241,143,68,72,82,25,39,6640,11507,54922,
"Dungog",101,620,423,384,606,762,595,417,558,563,437,373,260,425,245,99,55,27,11,17,11,10,16,753,1772,9541,
"Edward River",104,366,305,301,499,747,550,347,517,560,494,328,214,263,98,50,19,13,3,12,7,0,3,1163,1486,8456,
"Eurobodalla",189,2687,1973,2022,3465,4175,2732,2040,2609,2640,1859,1180,850,1073,417,220,136,90,52,53,52,18,29,4427,5617,40593,
"Fairfield",280,14420,7479,7084,14216,24797,17893,11128,12639,12332,9047,6414,4372,5155,2139,975,459,241,145,140,105,54,58,19645,37247,208475,
"Federation",85,660,508,482,1125,1295,841,588,778,860,677,529,316,394,164,84,44,24,19,10,17,3,4,1376,2021,12899,
"Forbes",115,457,298,313,508,759,519,408,541,636,500,337,200,317,151,74,42,36,18,35,21,7,10,1154,1850,9319,
"Georges River",459,11862,6328,6033,8602,11350,8722,7162,8947,9826,7960,6292,4739,7090,3872,2250,1403,850,535,614,498,217,300,12089,24266,152274,
"Gilgandra",95,182,117,141,251,394,265,185,232,239,219,130,103,130,41,27,11,14,3,4,6,0,0,688,818,4295,
"Glen Innes Severn",111,426,328,335,676,1051,693,393,511,522,366,209,169,184,68,25,9,14,7,4,9,4,0,1441,1367,8931,
"Goulburn Mulwaree",185,1809,1102,1122,1771,2741,1840,1392,1902,2122,1747,1398,1083,1510,656,246,137,80,38,49,42,15,25,3262,5784,32053,
"Greater Hume",121,668,423,370,664,827,593,453,650,736,583,416,327,429,129,69,37,22,14,11,25,3,13,1330,2250,11157,
"Griffith",159,1169,859,867,1177,1762,1387,1217,1782,2160,1841,1358,956,1073,429,197,121,59,48,45,33,19,16,3082,5257,27086,
"Gunnedah",138,535,357,384,614,995,738,572,707,759,629,485,323,559,414,178,97,62,32,27,11,7,10,1391,2895,12929,
"Gwydir",177,222,198,149,386,564,341,183,252,281,200,125,82,113,58,11,7,5,6,5,6,0,3,665,868,4910,
"Hawkesbury",247,4192,2813,2303,3095,4462,3599,3015,4124,4611,4104,3352,2617,3690,1680,916,552,263,162,172,149,52,82,4113,12849,67207,
"Hay",25,145,89,89,168,255,155,130,160,209,154,113,66,76,40,19,5,4,0,9,0,0,0,499,463,2882,
"Hilltops",203,1060,630,670,1208,1805,1178,882,1225,1298,930,631,445,548,247,125,94,41,33,38,25,7,7,2275,3642,19254,
"Hornsby",550,12880,7870,6361,6835,8395,6812,5456,7006,7752,7253,6182,5225,8747,5913,3790,2412,1540,1017,1151,969,402,440,8004,28859,151811,
"Hunters Hill",51,1434,658,443,447,763,484,434,489,487,486,402,373,630,473,418,294,217,166,239,256,133,353,1115,2319,13559,
"Inner West",407,11406,6164,5030,6846,12212,8818,6915,8681,10675,9884,8902,7582,12627,7968,5129,3480,2325,1701,1830,1855,777,1260,13637,26701,182818,
"Inverell",200,911,651,625,1194,1653,1141,751,1107,1276,935,533,332,463,178,63,24,17,14,14,16,6,8,2322,3420,17853,
"Junee",54,288,170,159,329,485,369,249,306,379,326,231,174,189,123,63,29,15,6,9,4,0,0,1422,1051,6415,
"Kempsey",218,1474,1266,1148,2295,3442,2417,1401,1795,1919,1202,880,644,720,251,105,58,32,15,15,14,8,12,4280,5071,30688,
"Kiama",109,1859,1395,1213,1561,1572,1086,943,1152,1191,974,894,747,1251,721,393,211,126,107,82,69,43,42,1532,3795,23074,
"Ku-ring-gai",660,13079,6865,5062,4615,5407,4957,4106,4892,5203,4706,4155,3476,6141,4494,3520,2630,2000,1316,1777,1946,996,1929,5994,24148,124076,
"Kyogle",136,592,358,359,698,1181,683,462,515,526,363,233,136,195,68,27,18,11,7,8,0,3,4,1281,1483,9359,
"Lachlan",136,247,190,162,294,532,343,269,317,340,305,188,133,166,92,48,19,17,21,7,10,4,0,959,1298,6094,
"Lake Macquarie",369,12345,9530,8761,13503,18673,12818,9239,12302,14086,12003,9329,7376,10548,5231,2681,1529,752,488,479,382,136,225,12292,38759,213845,
"Lane Cove",136,2982,1558,1168,1119,1547,1436,1206,1543,1967,1938,1858,1584,2558,1839,1259,921,636,436,571,653,318,599,2423,7182,39438,
"Leeton",95,589,432,377,599,854,621,469,716,839,662,489,334,377,152,65,31,13,14,8,14,3,8,1260,2419,11452,
"Lismore",232,2656,1659,1641,2568,4300,2958,2269,2948,3241,2473,1676,1136,1420,523,220,116,66,42,47,50,17,29,4461,7580,44334,
"Lithgow",86,1275,769,787,1365,2091,1450,914,1141,1179,865,658,531,825,408,257,129,76,47,51,40,11,13,2463,3412,20842,
"Liverpool",360,14869,8218,7604,11617,18644,14739,10915,13426,15392,12929,9927,7201,9484,4190,2020,1035,535,332,293,221,89,75,17771,51573,233446,
"Liverpool Plains",118,372,221,249,481,736,509,347,443,462,344,197,151,207,126,52,22,7,7,10,6,0,3,1148,1334,7551,
"Lockhart",45,165,129,99,168,313,187,134,214,217,158,114,90,98,49,30,21,11,4,4,0,0,0,391,690,3319,
"Maitland",185,4514,3483,3035,4899,6467,5073,3970,5498,6524,5293,4200,3374,4480,2588,1221,593,305,182,172,146,50,45,4662,19266,90226,
"Mid-Coast",498,5876,4433,4449,8883,11547,7080,4408,5725,5610,3959,2711,1907,2391,1019,479,295,138,102,101,80,42,50,10736,14067,96579,
"Mid-Western",267,1416,928,912,1434,2213,1515,1168,1411,1503,1085,840,617,1017,821,427,201,92,49,38,40,11,19,2581,5114,25713,
"Moree Plains",145,316,330,268,370,696,808,463,634,839,693,511,312,427,171,108,62,38,14,35,22,18,13,2845,2621,12751,
"Mosman",138,2843,1392,890,757,1168,1044,858,1139,1233,1080,1039,822,1524,1080,969,669,515,380,483,578,391,1015,1713,4611,28329,
"Murray River",152,725,504,498,1054,1132,734,525,757,768,643,440,287,421,191,97,46,29,18,18,20,5,7,1611,2167,12850,
"Murrumbidgee",105,143,107,105,164,266,216,157,205,238,206,131,98,89,44,20,17,6,0,4,0,0,3,471,568,3353,
"Muswellbrook",89,973,589,511,751,1161,823,684,871,1013,704,566,450,799,650,424,128,46,46,35,10,9,3,1567,3462,16357,
"Nambucca Valley",142,1064,904,823,1572,2530,1813,915,1205,1167,823,540,359,491,173,67,51,22,7,15,11,8,6,2489,3214,20407,
"Narrabri",133,543,403,329,574,980,679,527,769,821,649,502,377,496,290,129,56,34,11,26,21,3,5,1800,2542,12703,
"Narrandera",77,233,177,176,331,547,377,229,354,393,288,212,170,171,62,22,10,6,8,5,5,7,3,693,1143,5698,
"Narromine",98,262,188,175,335,472,349,252,355,384,319,246,161,205,89,39,24,15,12,10,11,0,3,1022,1345,6360,
"Newcastle",270,8813,6921,6038,8135,14126,10694,7991,10038,11332,9748,7982,6424,9113,4709,2479,1454,835,563,617,536,229,343,12139,27360,168873,
"North Sydney",300,4755,2416,1930,1796,2826,2547,2201,2873,3753,3789,3430,3129,5113,3718,2613,1900,1240,877,1095,1099,532,1016,5260,8724,68950,
"Northern Beaches",761,20758,12368,9559,10282,13572,11401,10050,12882,14409,12838,10894,9156,14486,9276,6735,4949,3270,2397,3006,2948,1436,2566,14821,48729,263554,
"Oberon",54,302,188,211,298,423,254,232,284,317,285,235,180,229,81,57,13,9,8,8,10,5,0,944,959,5580,
"Orange",125,2010,1562,1411,2119,3229,2331,1682,2461,3004,2481,1926,1422,2207,985,456,285,188,146,312,265,86,79,3367,9377,43512,
"Parkes",145,756,470,429,759,1292,915,607,796,968,697,542,401,570,300,157,58,40,21,22,12,8,7,1468,2935,14361,
"Parramatta",670,18811,10299,9405,11470,15730,13230,10609,13387,15453,13984,11580,9341,14289,7880,4502,2345,1304,780,838,702,224,261,23002,46643,256729,
"Penrith",392,11891,7345,6818,9708,13933,11269,8891,12951,16071,14330,11520,8923,11529,5038,2346,1236,621,334,322,266,87,125,15593,46117,217664,
"Port Macquarie-Hastings",331,4905,4259,4100,7232,8896,5882,4103,5396,5669,4115,2942,2205,3064,1254,647,374,176,102,119,121,56,93,6857,13860,86762,
"Port Stephens",207,4501,3653,3360,5569,6907,4813,3452,4500,4692,3910,2964,2193,2988,1396,701,349,198,139,116,99,37,50,5583,12890,75276,
"Queanbeyan-Palerang",249,3446,2062,1807,1996,2985,2530,2208,3208,4044,4148,3749,3222,4770,2540,1211,832,517,258,277,215,93,102,4478,12359,63304,
"Randwick",343,9617,5516,3989,4991,8145,6230,4782,6008,7084,6645,5968,5184,8200,5224,3436,2322,1397,949,1320,1260,601,1131,13219,20665,134252,
"Richmond Valley",150,1256,736,824,1720,2428,1584,1041,1631,1742,1184,635,410,523,180,78,42,17,17,13,13,4,0,3032,4316,23565,
"Ryde",410,9684,5734,4852,5853,8383,6347,5054,6290,7681,7030,5818,4838,7293,4600,2742,1661,1016,627,762,689,284,361,10141,20967,129123,
"Shellharbour",141,4271,2848,2683,5111,6362,4641,3455,4696,5153,4237,3356,2580,3789,1853,873,389,225,125,118,79,25,26,4623,14618,76271,
"Shoalhaven",368,7089,4563,4681,8912,10924,6949,5012,6492,6796,4982,3709,2737,3633,1580,772,415,233,174,175,165,46,113,10670,17341,108531,
"Singleton",171,1358,1017,845,1148,1580,1314,1051,1377,1399,1021,852,736,1158,1125,700,253,162,72,83,70,22,27,1933,5076,24577,
"Snowy Monaro",169,1181,817,758,1035,1540,1155,1020,1471,1490,1214,925,685,896,430,221,124,79,49,57,38,24,24,2715,3553,21666,
"Snowy Valleys",95,830,540,520,903,1288,852,618,864,970,718,592,447,596,277,120,59,40,15,26,15,5,6,1748,2745,14891,
"Strathfield",137,3649,1649,1596,2026,2970,2485,2082,2673,2955,2440,2043,1448,2170,1193,725,451,271,157,183,204,90,169,5050,6767,45593,
"Sutherland",542,16647,10770,8806,10480,13363,10138,8996,11688,13732,12476,10951,9297,14836,8496,5184,3280,1974,1302,1333,1257,458,784,10882,42528,230211,
"Sydney",616,13519,7511,6013,6458,12129,11110,8546,10694,12840,11983,10672,8990,14336,9386,5975,3915,2619,1678,2045,1952,918,1457,30251,16033,211632,
"Tamworth",420,2941,2130,2119,3535,5111,3650,2701,3950,4856,3768,2655,1823,2410,1120,512,234,117,55,66,72,36,45,6037,12705,63070,
"Temora",87,305,240,218,426,549,380,262,382,448,285,210,163,198,95,52,25,11,10,9,17,8,0,585,1100,6034,
"Tenterfield",88,376,293,283,644,926,515,318,367,345,251,153,90,121,45,23,11,3,0,4,3,0,0,991,955,6810,
"The Hills",729,15948,9231,7359,7958,9003,7696,6892,8776,10106,9175,8204,6877,11749,7833,5042,3324,1870,1253,1365,1226,514,655,8432,40664,191876,
"Tweed",297,6118,3953,4087,7247,10006,6525,4793,6108,6077,4518,3192,2304,3167,1387,716,425,223,140,155,151,67,82,9569,16084,97392,
"Upper Hunter",141,832,578,443,831,1162,744,555,914,949,698,449,361,551,422,254,73,47,12,29,30,5,10,1497,2647,14229,
"Upper Lachlan",142,564,333,346,484,664,427,363,478,479,448,338,252,370,160,85,50,27,18,9,17,7,8,1031,1412,8514,
"Uralla",75,366,256,256,383,536,353,242,379,444,313,209,161,203,85,30,12,9,4,8,5,0,3,567,1057,5971,
"Wagga Wagga",192,3108,2358,2337,3237,4641,3696,3057,4264,5088,4211,3334,2405,3263,1401,648,414,203,118,130,113,45,100,5498,13755,67609,
"Walcha",91,129,96,109,224,250,168,141,193,182,136,106,64,66,46,12,15,9,10,13,5,0,5,435,509,3016,
"Walgett",90,161,106,107,169,422,348,190,244,235,198,128,102,110,76,37,17,10,5,18,11,0,9,1489,973,5253,
"Warren",46,104,72,57,124,217,136,109,142,151,121,89,66,93,37,29,12,5,3,7,8,4,0,432,496,2550,
"Warrumbungle",165,532,279,311,621,1002,634,370,501,476,333,243,162,198,94,45,25,12,7,11,11,0,9,1629,1551,9225,
"Waverley",192,4948,2348,1689,1894,3224,2567,2315,3039,3399,3281,3079,2636,4339,2857,2097,1531,1122,777,1010,1079,517,1240,6613,10813,68605,
"Weddin",92,206,142,149,251,407,246,155,188,237,152,84,73,77,45,27,9,14,9,7,4,0,0,459,561,3608,
"Wentworth",88,319,258,284,465,544,382,309,388,460,330,287,176,261,124,49,43,10,9,13,24,10,6,1205,1428,7453,
"Willoughby",350,6879,3497,2518,2747,3587,3062,2620,3060,3488,3140,2693,2369,3921,2909,2135,1520,1073,756,1041,1168,593,1041,5171,14285,75613,
"Wingecarribee",341,4196,2679,2381,3315,3900,2815,2295,2895,3160,2466,1960,1540,2187,1179,686,447,281,171,244,202,111,174,4291,8797,52709,
"Wollondilly",192,3440,2125,1821,2695,3090,2399,2286,2991,3481,3081,2556,2131,3102,1579,835,462,264,153,142,108,37,37,3221,11725,53961,
"Wollongong",399,13151,8774,8188,12979,19001,13572,10043,12110,12830,10948,9006,7445,11043,5767,3023,1767,927,605,552,539,183,276,13731,37709,214564,
"Woollahra",269,5347,1950,1418,1306,2040,1914,1692,2060,2383,2270,2121,1818,3083,2135,1829,1371,991,720,934,1048,581,1860,4397,7956,53496,
"Yass Valley",136,1186,730,594,669,890,733,625,810,990,985,894,740,1128,628,299,181,122,70,81,66,29,42,1225,3424,17281,
"Unincorporated NSW",24,43,30,44,29,37,58,44,61,66,59,36,24,35,15,11,4,0,0,0,0,0,0,216,181,1016,
"No usual address (NSW)",30,478,279,299,444,1027,756,439,484,384,249,194,125,139,81,53,16,20,5,13,12,4,9,4561,1260,11371,
"Migratory - Offshore - Shipping (NSW)",0,0,0,0,0,0,0,0,0,0,0,0,0,0,0,0,0,0,0,0,0,0,0,0,0,0,
"Total",27272,530456,320712,286876,421758,607646,453207,345554,445638,502129,422307,336505,263799,383612,207819,119626,72718,43980,28786,33202,30999,13736,23229,680589,1470001,8072163,

"Dataset: Census of Population and Housing, 2021, TableBuilder"

"INFO","Cells in this table have been randomly adjusted to avoid the release of confidential data. No reliance should be placed on small cells."


"Copyright Commonwealth of Australia, 2021, see abs.gov.au/copyright"
"ABS data licensed under Creative Commons, see abs.gov.au/ccby"
