Australian Bureau of Statistics

"2021 Census - counting families, place of enumeration"
"LGA (EN) by RNTRD Rent (weekly) Ranges"
"Counting: Family Records"

Filters:
"Default Summation","Family Records"

"RNTRD Rent (weekly) Ranges","$1-$74","$75-$99","$100-$124","$125-$149","$150-$174","$175-$199","$200-$224","$225-$249","$250-$274","$275-$299","$300-$324","$325-$349","$350-$374","$375-$399","$400-$424","$425-$449","$450-$474","$475-$499","$500-$524","$525-$549","$550-$649","$650-$749","$750-$849","$850-$949","$950 and over","Not stated","Not applicable","Total",
"LGA (EN)",
"Albury",43,91,274,213,515,648,706,567,831,657,808,436,594,329,389,153,180,54,89,19,88,25,7,6,15,308,16590,24651,
"Armidale",27,37,76,58,137,248,382,278,449,326,423,229,359,243,229,101,93,44,55,11,45,16,0,0,11,155,8099,12115,
"Ballina",29,22,263,82,77,111,138,95,161,143,321,144,332,219,420,171,366,150,337,138,752,431,155,53,63,191,15385,20763,
"Balranald",16,4,11,4,18,15,43,10,29,14,17,0,3,0,8,0,0,0,0,0,0,5,0,0,0,16,746,965,
"Bathurst",43,48,177,93,157,159,334,203,391,363,642,370,525,331,444,202,309,105,105,14,64,13,3,3,10,210,12681,17986,
"Bayside (NSW)",106,128,796,247,293,270,373,205,414,241,773,476,1278,1025,2132,1095,2205,1356,2577,1026,5919,3429,1550,669,614,976,43490,73669,
"Bega Valley",37,20,164,64,105,98,241,137,279,193,330,189,376,168,243,94,158,51,91,21,67,25,9,3,31,159,13427,16772,
"Bellingen",10,4,22,15,40,44,60,40,85,69,141,58,136,82,130,42,76,33,39,13,47,11,7,0,4,58,4869,6149,
"Berrigan",12,23,69,30,82,56,97,42,76,48,63,15,40,3,13,4,4,0,0,0,0,0,3,0,4,31,3194,3909,
"Blacktown",277,438,1648,743,961,909,1080,602,1111,819,2195,1761,4056,3011,4894,2571,3930,1767,2664,1163,5854,1965,351,84,124,1641,92817,139434,
"Bland",27,14,48,25,37,40,42,28,42,22,35,10,14,6,7,3,4,0,0,0,5,0,0,0,4,45,2130,2585,
"Blayney",15,5,40,17,38,29,60,37,85,57,77,24,45,23,24,6,16,5,5,0,4,4,0,0,3,37,2471,3128,
"Blue Mountains",16,24,54,31,91,234,155,134,224,183,368,174,435,400,670,351,628,299,364,114,420,158,51,20,18,215,27432,33250,
"Bogan",19,16,32,17,23,24,33,12,28,9,28,0,8,0,5,0,0,0,3,0,0,0,0,0,0,26,819,1108,
"Bourke",46,18,20,12,28,19,34,27,29,3,16,0,8,0,0,0,0,0,3,0,0,0,0,0,0,34,750,1065,
"Brewarrina",25,12,25,25,45,47,13,9,10,6,3,0,0,3,3,0,0,0,0,0,0,0,0,0,0,36,393,663,
"Broken Hill",61,64,70,69,187,214,317,173,237,107,131,29,77,26,36,4,10,0,9,0,12,0,0,0,10,113,6470,8417,
"Burwood",23,18,169,74,101,74,145,91,155,100,230,103,237,198,525,238,665,403,768,248,1616,652,254,129,138,291,8849,16473,
"Byron",18,9,28,33,64,116,126,59,146,63,169,63,170,82,230,70,210,130,243,71,644,504,360,224,406,216,11523,15978,
"Cabonne",34,16,51,18,63,42,88,52,113,51,81,34,51,3,30,0,6,0,0,0,7,6,3,0,4,68,4818,5644,
"Camden",27,18,127,38,75,73,93,70,173,84,254,194,436,236,521,319,737,665,1708,998,2390,396,118,43,44,386,31088,41308,
"Campbelltown (NSW)",128,234,1107,416,628,519,639,396,628,516,1154,873,2286,1731,2730,1139,1542,688,1111,363,1397,305,60,29,41,849,43916,65418,
"Canada Bay",38,49,310,119,92,137,135,82,152,97,179,72,223,203,614,327,839,561,1241,585,2999,1990,1082,531,815,472,23715,37653,
"Canterbury-Bankstown",296,582,2410,817,1097,1131,1305,760,1325,988,2651,1493,3610,2342,4227,1691,3543,1660,3462,1144,5318,2900,1179,398,287,2116,86428,135169,
"Carrathool",23,7,24,3,24,24,46,16,34,13,26,6,8,0,6,0,0,0,0,0,3,0,0,0,0,47,921,1238,
"Central Coast (NSW)",191,246,1257,422,709,845,1087,690,1228,943,2428,1561,3704,2786,4372,2103,3156,1735,2454,845,3072,1194,521,232,268,1332,107947,147335,
"Central Darling",48,14,27,17,40,26,30,5,14,5,6,3,0,0,3,0,0,0,0,0,5,0,0,0,0,49,616,897,
"Cessnock",23,26,83,68,113,226,265,215,424,409,931,508,883,458,701,354,411,146,145,16,91,37,14,6,24,240,18880,25691,
"Clarence Valley",29,32,167,84,220,205,347,205,522,317,664,338,618,294,428,166,234,83,145,38,132,43,20,12,52,259,18738,24382,
"Cobar",37,31,46,28,58,38,57,19,56,19,50,9,5,0,3,0,3,0,0,0,0,0,0,0,0,51,1360,1879,
"Coffs Harbour",44,36,127,145,204,411,309,244,522,430,785,417,888,520,928,490,756,389,522,181,714,239,72,24,58,394,24618,34462,
"Coolamon",11,3,39,12,30,9,37,8,36,15,24,3,13,4,13,5,0,0,4,0,0,0,0,0,0,18,1542,1823,
"Coonamble",30,22,22,18,70,57,70,32,53,7,20,0,3,0,0,0,0,0,0,0,0,0,0,0,0,30,1226,1669,
"Cootamundra-Gundagai",20,16,93,36,120,94,128,76,131,87,94,25,43,7,18,0,0,0,3,0,5,0,0,4,4,62,4043,5122,
"Cowra",21,26,77,56,119,140,173,139,195,109,106,32,47,14,27,5,7,3,0,0,4,4,0,5,3,83,4421,5814,
"Cumberland",187,376,1361,457,710,630,816,468,744,537,1638,992,2578,1947,3731,1719,3340,1615,2888,855,3624,1459,395,140,172,1577,49948,84896,
"Dubbo",39,54,269,117,278,313,491,315,652,459,767,452,767,389,455,159,205,83,107,19,77,27,13,7,10,311,15987,22812,
"Dungog",6,7,11,3,29,19,37,24,70,34,62,35,73,35,41,17,12,7,14,0,12,8,0,0,0,38,3480,4070,
"Edward River",14,18,49,60,112,77,83,64,127,82,64,17,31,12,6,3,0,0,4,0,0,0,0,0,4,60,2960,3848,
"Eurobodalla",24,20,144,65,147,147,262,147,321,216,404,183,429,269,401,136,205,79,134,22,138,29,16,5,33,243,15144,19361,
"Fairfield",127,224,1031,378,666,700,832,482,998,765,1999,903,1954,1175,2603,1095,2383,1041,1894,461,2076,774,218,45,61,1122,46522,72520,
"Federation",27,20,55,47,107,93,116,68,146,99,131,47,64,10,26,11,6,5,6,3,3,0,3,0,3,58,4708,5852,
"Forbes",22,18,59,56,94,61,118,99,129,65,90,28,46,16,29,0,10,0,10,0,5,0,0,0,4,81,3089,4143,
"Georges River",68,79,535,183,248,224,291,207,324,238,682,389,1004,954,2044,952,1753,972,2009,799,2987,1150,496,203,319,700,39803,59587,
"Gilgandra",9,6,22,22,46,61,56,44,61,24,10,0,0,3,0,0,4,0,0,0,0,0,0,0,0,33,1495,1911,
"Glen Innes Severn",18,7,37,42,119,90,134,90,165,70,73,14,21,4,10,0,3,0,4,0,4,0,0,0,8,51,3235,4202,
"Goulburn Mulwaree",22,48,201,78,132,168,186,129,230,193,455,248,442,271,287,120,154,43,85,13,48,21,3,7,10,173,9915,13684,
"Greater Hume",6,12,49,27,85,52,78,34,86,40,53,11,19,14,10,0,3,0,3,0,3,0,0,0,0,44,3871,4519,
"Griffith",31,24,135,56,169,186,308,179,352,185,372,193,355,174,252,66,89,21,51,10,30,5,12,4,4,166,7413,10836,
"Gunnedah",15,13,36,26,55,74,124,82,151,100,161,70,142,67,86,28,55,20,44,7,30,10,4,0,4,80,4051,5532,
"Gwydir",18,3,32,22,30,20,65,35,64,14,17,0,0,0,0,0,0,0,0,0,0,0,0,0,5,46,1849,2224,
"Hawkesbury",21,28,102,39,95,206,175,98,264,141,372,205,483,385,746,338,572,237,316,100,485,190,106,57,67,247,20131,26216,
"Hay",19,6,30,31,67,36,45,15,27,17,11,0,5,0,0,0,0,0,0,0,0,0,0,0,4,22,1036,1370,
"Hilltops",37,24,66,39,131,130,225,188,302,163,205,74,98,39,20,10,12,0,8,0,3,0,4,3,3,123,6578,8485,
"Hornsby",32,41,123,83,114,197,213,147,195,125,303,149,471,561,1016,570,1058,741,1070,396,1905,1346,726,419,323,451,43696,56462,
"Hunters Hill",8,9,40,22,14,60,26,19,21,23,38,9,23,16,42,31,58,22,52,19,153,118,73,59,197,44,3863,5090,
"Inner West",93,141,797,265,288,449,535,377,670,515,1181,673,1678,1336,2328,1177,2063,1344,2060,724,4495,3807,2507,1551,2380,844,46493,80771,
"Inverell",51,20,64,69,140,121,204,140,216,164,280,123,139,46,64,10,15,9,9,0,11,4,5,0,4,102,5785,7807,
"Junee",13,12,35,29,42,32,55,23,101,48,70,27,40,24,18,0,3,0,7,0,4,0,0,0,0,19,1820,2402,
"Kempsey",24,14,42,38,120,176,274,141,323,203,426,200,370,182,201,45,83,15,38,10,51,14,6,8,19,141,10335,13487,
"Kiama",7,8,9,12,15,41,41,13,35,23,61,33,67,43,126,60,134,88,163,50,352,144,36,15,22,61,7957,9619,
"Ku-ring-gai",8,10,23,22,19,27,50,43,58,38,98,45,104,112,306,239,407,271,518,236,1657,919,695,631,1931,282,36658,45415,
"Kyogle",22,4,25,27,57,48,84,52,89,64,104,46,62,16,21,0,8,3,3,0,0,0,0,0,0,44,3584,4367,
"Lachlan",52,24,56,30,113,85,92,29,48,17,28,9,12,9,3,0,0,0,4,0,0,0,0,0,7,59,1998,2665,
"Lake Macquarie",123,148,982,341,591,680,751,495,787,493,1266,923,1929,1412,1947,994,1570,798,1064,374,1371,427,127,49,62,824,68342,88882,
"Lane Cove",19,26,50,22,38,67,46,34,79,33,94,46,138,183,399,229,473,315,439,227,1037,587,483,234,526,139,10603,16552,
"Leeton",14,17,65,47,86,75,175,83,180,79,165,57,55,19,24,4,6,0,0,0,7,4,0,0,0,61,3413,4641,
"Lismore",40,31,225,111,142,220,364,230,406,293,526,282,501,279,391,132,249,81,130,27,176,45,25,0,11,171,14654,19755,
"Lithgow",23,42,145,90,108,81,178,120,255,220,296,91,185,69,78,18,28,10,13,0,11,6,5,0,3,109,7228,9419,
"Liverpool",195,296,1006,415,528,508,646,448,1316,790,1440,715,1756,1208,2485,1125,2109,965,2093,808,3212,941,256,69,87,1086,53363,79856,
"Liverpool Plains",14,3,37,23,68,81,107,48,105,60,97,17,25,4,6,0,4,6,0,0,0,3,0,0,0,57,2674,3436,
"Lockhart",11,9,7,8,20,20,33,14,31,7,8,0,6,0,0,0,7,0,0,0,0,0,0,0,4,12,1172,1367,
"Maitland",36,30,145,82,165,432,370,324,621,343,806,578,1153,755,1180,803,1010,462,446,126,388,62,15,5,15,401,25342,36088,
"Mid-Coast",59,42,153,116,335,504,644,452,850,659,1090,650,1056,567,784,277,471,194,207,50,202,51,6,9,44,412,35462,45345,
"Mid-Western",26,16,55,36,78,116,163,93,191,127,287,110,252,140,216,82,179,79,115,21,75,18,0,10,11,125,8622,11241,
"Moree Plains",40,41,67,55,201,171,207,60,148,76,114,30,102,19,49,7,35,15,11,0,15,4,3,3,3,188,4052,5709,
"Mosman",10,4,14,6,18,32,30,12,28,15,24,30,87,106,217,140,248,161,262,136,649,419,286,202,700,113,8420,12368,
"Murray River",37,10,44,38,91,48,84,29,107,49,84,35,84,24,39,12,46,21,18,8,13,0,0,0,14,99,4562,5585,
"Murrumbidgee",22,12,26,16,30,41,52,14,35,7,25,0,4,0,0,0,0,0,0,0,0,0,0,0,0,43,1190,1529,
"Muswellbrook",20,9,39,30,72,162,166,103,229,138,250,135,227,140,241,78,73,23,18,5,9,9,3,5,3,116,4643,6947,
"Nambucca Valley",26,18,61,43,67,190,189,96,146,129,213,119,230,110,163,36,77,32,39,5,25,11,5,0,10,104,7532,9679,
"Narrabri",45,17,86,35,119,96,209,50,151,72,123,43,135,69,86,10,25,4,13,0,10,5,3,0,6,120,4072,5603,
"Narrandera",18,17,46,31,49,63,100,31,88,28,41,0,7,3,6,0,0,0,0,0,0,0,0,0,0,36,1907,2476,
"Narromine",10,15,38,28,45,31,61,40,81,40,74,16,30,5,16,0,5,0,0,0,0,0,4,0,7,50,2097,2701,
"Newcastle",161,252,1323,409,571,544,785,535,854,572,1440,908,1983,1539,2511,1227,2064,1229,1622,649,2344,872,393,171,262,824,46704,72746,
"North Sydney",30,27,102,55,72,183,112,70,115,101,246,194,481,498,893,491,971,701,1099,601,3247,2357,1588,955,1802,417,17232,34645,
"Northern Beaches",82,91,252,119,170,393,343,174,242,143,351,176,409,342,692,427,942,809,1577,900,4852,3608,2497,1825,4736,873,76720,103736,
"Oberon",3,5,31,19,29,11,40,8,51,26,76,26,43,10,26,0,7,0,5,0,6,0,0,0,0,36,2023,2484,
"Orange",34,58,192,124,160,193,302,234,418,387,538,292,552,331,456,237,407,157,165,36,161,33,15,5,37,307,12365,18196,
"Parkes",20,27,103,68,127,119,185,102,169,102,190,64,104,48,61,14,20,8,9,4,13,5,0,0,0,85,4602,6260,
"Parramatta",163,292,1216,392,518,441,681,406,849,616,1633,1047,2615,2192,4611,2376,4574,2643,4722,1876,6305,2185,1057,453,361,1353,57490,103078,
"Penrith",125,188,688,274,381,488,531,364,965,802,1559,1085,2527,2215,3584,1611,2362,948,1533,623,2129,535,178,77,111,930,56502,83306,
"Port Macquarie-Hastings",52,36,106,105,161,437,290,344,439,369,776,473,1030,609,1021,582,831,437,485,175,584,184,55,23,47,358,29020,39026,
"Port Stephens",33,22,99,108,127,265,256,203,558,333,679,411,744,527,744,385,580,294,431,141,459,160,32,11,24,302,24495,32421,
"Queanbeyan-Palerang",31,46,183,63,153,160,324,248,516,259,576,272,558,256,425,196,419,213,358,99,503,331,163,26,23,228,19403,26039,
"Randwick",130,227,1142,336,339,352,377,216,292,203,446,230,540,434,1008,481,1249,824,1746,805,4789,3034,1778,1056,2303,796,31420,56566,
"Richmond Valley",17,18,68,54,115,134,213,130,244,177,307,155,274,99,158,48,62,20,39,4,35,16,0,0,5,92,7973,10463,
"Ryde",58,48,171,115,239,431,323,239,369,311,897,558,1267,928,1870,1107,1819,906,1503,674,3655,1668,754,382,538,692,32377,53900,
"Shellharbour",50,68,438,143,227,205,288,142,215,167,379,196,369,323,698,416,746,409,584,266,1018,279,55,13,33,296,22449,30477,
"Shoalhaven",61,48,175,131,243,475,556,356,803,492,1079,660,1283,782,1050,447,753,332,471,132,358,112,38,18,59,509,37318,48730,
"Singleton",16,12,36,21,57,117,129,83,197,99,256,92,242,149,244,81,136,57,77,13,69,20,6,4,7,109,7391,9726,
"Snowy Monaro",31,29,56,41,103,94,134,107,229,112,207,74,133,68,136,34,93,27,92,15,84,56,56,20,228,249,7819,10331,
"Snowy Valleys",28,19,107,44,141,108,184,119,192,88,138,42,83,39,37,4,11,4,6,0,4,10,3,0,12,129,5014,6560,
"Strathfield",15,42,196,97,95,100,131,75,113,57,210,110,382,345,870,398,873,486,968,323,1102,393,187,84,155,324,9901,18035,
"Sutherland",88,107,631,169,201,213,245,142,316,190,412,262,640,555,1395,913,1630,882,1390,519,3275,2022,1254,656,840,582,70545,90062,
"Sydney",318,659,2406,622,724,710,811,536,910,740,1505,879,1780,1300,2711,1445,3331,2210,4300,1656,11962,9549,5461,2912,5191,1942,42834,109407,
"Tamworth",50,63,140,110,250,400,607,443,827,660,986,671,936,485,458,145,190,81,95,17,84,36,12,8,19,349,18998,27128,
"Temora",11,23,46,23,60,32,69,45,81,52,68,12,28,7,3,0,0,0,0,0,0,0,0,0,0,39,2078,2668,
"Tenterfield",6,4,22,22,53,43,69,54,94,38,45,19,35,5,7,0,0,0,0,0,0,0,0,0,6,53,2802,3389,
"The Hills",34,14,57,31,59,54,100,54,140,55,173,82,243,185,533,269,622,460,1033,616,3679,2332,984,490,469,402,52925,66085,
"Tweed",51,48,381,123,220,192,314,197,374,243,586,319,788,486,811,418,666,418,608,231,1131,585,255,134,184,413,33248,43429,
"Upper Hunter",20,9,50,47,75,89,130,84,169,113,181,67,91,49,62,16,29,4,29,0,5,7,4,0,9,127,4812,6281,
"Upper Lachlan",4,8,24,12,34,15,32,21,49,15,63,15,39,12,25,4,13,0,0,0,0,8,7,0,0,50,3351,3798,
"Uralla",12,0,15,17,23,49,50,20,53,22,55,14,22,11,11,0,9,4,4,0,6,0,0,0,0,27,2184,2609,
"Wagga Wagga",57,96,324,151,317,501,690,404,902,628,1103,553,778,430,513,230,338,147,121,31,117,24,9,4,29,344,18882,27717,
"Walcha",6,4,30,16,26,16,36,22,29,17,10,0,0,0,0,4,0,0,0,0,0,0,0,0,4,37,1117,1373,
"Walgett",110,25,32,16,66,59,86,40,57,11,19,0,7,0,0,0,4,0,4,0,0,0,0,0,3,92,1973,2612,
"Warren",3,8,20,8,19,23,55,9,30,22,15,0,12,6,0,0,0,0,5,0,0,0,0,0,0,24,867,1121,
"Warrumbungle",26,29,66,44,108,59,133,54,79,33,37,8,9,0,0,0,0,0,3,0,5,0,3,0,0,96,3455,4267,
"Waverley",30,36,176,47,49,50,86,40,81,53,190,115,225,181,387,201,385,317,665,297,2333,2349,1684,1160,2538,429,16110,30215,
"Weddin",25,3,27,11,40,23,56,34,27,3,8,0,4,0,0,0,0,0,0,0,0,0,0,0,0,12,1396,1675,
"Wentworth",32,5,45,21,60,68,102,31,58,24,30,13,18,4,7,6,4,0,0,0,5,6,0,0,0,46,2548,3119,
"Willoughby",43,9,73,58,56,127,102,79,120,68,153,95,218,193,451,276,599,468,941,472,2227,1215,896,579,1409,376,18806,30112,
"Wingecarribee",11,13,50,31,73,165,152,68,164,98,228,108,242,164,365,167,337,151,303,99,581,243,108,57,94,209,18526,22794,
"Wollondilly",15,7,31,20,49,89,88,44,98,43,184,115,235,173,348,154,276,131,211,81,342,117,59,17,30,149,16548,19650,
"Wollongong",237,327,1796,618,727,648,906,532,978,730,1499,905,1863,1210,2153,990,1844,1052,1634,604,2768,1019,420,192,173,883,61869,88580,
"Woollahra",21,7,48,24,29,24,36,36,62,61,149,88,144,136,245,121,307,164,334,170,1242,1072,822,565,2274,240,15316,23753,
"Yass Valley",7,8,40,11,24,35,43,18,45,46,92,54,87,73,88,19,57,29,45,13,62,38,16,5,11,81,5726,6765,
"Unincorporated NSW",5,0,5,0,6,8,3,3,13,3,5,0,5,3,8,0,7,0,0,0,5,0,0,0,4,23,426,538,
"Migratory - Offshore - Shipping (NSW)",0,0,0,0,0,0,0,0,0,0,0,0,0,0,0,0,0,0,0,0,0,0,0,0,0,0,37,37,
"Total",6026,7478,31876,13031,21123,24437,31009,19465,36786,25209,53213,30127,64985,45399,79893,38372,68933,37104,63690,24697,118550,63474,33220,18112,34206,38645,2244761,3273823,

"Dataset: Census of Population and Housing, 2021, TableBuilder"

"INFO","Cells in this table have been randomly adjusted to avoid the release of confidential data. No reliance should be placed on small cells."


"Copyright Commonwealth of Australia, 2021, see abs.gov.au/copyright"
"ABS data licensed under Creative Commons, see abs.gov.au/ccby"
