Australian Bureau of Statistics

"2021 Census - counting families, place of enumeration"
"LGA (EN) by MRERD Mortgage Repayments (monthly) Ranges"
"Counting: Family Records"

Filters:
"Default Summation","Family Records"

"MRERD Mortgage Repayments (monthly) Ranges","$1-$149","$150-$299","$300-$449","$450-$599","$600-$799","$800-$999","$1,000-$1,199","$1,200-$1,399","$1,400-$1,599","$1,600-$1,799","$1,800-$1,999","$2,000-$2,199","$2,200-$2,399","$2,400-$2,599","$2,600-$2,799","$2,800-$2,999","$3,000-$3,499","$3,500-$3,999","$4,000-$4,999","$5,000 and over","Not stated","Not applicable","Nil repayments","Total",
"LGA (EN)",
"Albury",60,96,177,164,357,573,789,989,769,812,476,644,167,113,240,82,260,50,123,66,371,17106,177,24651,
"Armidale",26,26,66,71,145,234,273,379,293,293,183,210,82,65,86,32,102,35,71,45,165,9106,126,12115,
"Ballina",52,58,98,95,160,225,279,360,339,432,353,550,274,170,334,151,455,137,210,154,353,15350,165,20763,
"Balranald",3,0,9,7,19,31,24,24,6,7,4,8,0,0,3,0,0,0,7,8,16,760,14,965,
"Bathurst",39,48,80,95,177,264,360,528,543,660,498,631,235,150,272,104,274,67,117,85,303,12319,130,17986,
"Bayside (NSW)",139,116,220,191,338,472,639,712,796,905,844,1911,1002,1048,1168,697,2328,1095,1860,1629,1477,53371,701,73669,
"Bega Valley",51,73,159,101,193,299,379,422,373,409,233,383,144,87,141,60,149,44,77,52,220,12605,124,16772,
"Bellingen",11,22,44,40,59,102,135,167,122,129,105,162,32,42,53,26,72,22,29,22,85,4619,60,6149,
"Berrigan",6,14,38,40,87,115,98,123,71,74,50,68,18,11,17,8,22,5,8,18,73,2891,46,3909,
"Blacktown",326,287,516,482,867,1202,1737,2322,2489,3156,2798,5844,3448,3750,4256,2734,7775,2824,3020,1871,3890,82309,1539,139434,
"Bland",4,8,26,41,51,63,72,75,40,30,22,46,7,5,13,6,9,0,13,9,43,1958,47,2585,
"Blayney",4,13,19,22,42,73,95,114,89,87,51,83,30,16,41,13,54,12,31,30,51,2114,33,3128,
"Blue Mountains",140,124,238,172,369,429,536,751,779,969,842,1344,811,598,821,467,1188,344,460,329,582,20607,343,33250,
"Bogan",0,0,17,14,25,27,27,27,16,17,0,18,3,0,3,0,0,3,4,6,13,860,20,1108,
"Bourke",0,0,10,17,21,25,15,8,21,14,6,6,3,0,0,0,8,0,5,4,10,872,26,1065,
"Brewarrina",0,5,4,3,12,7,3,4,0,0,0,0,0,0,0,0,0,0,0,5,5,609,9,663,
"Broken Hill",25,67,193,192,355,339,303,207,143,101,39,73,9,12,23,9,17,7,12,9,153,6068,51,8417,
"Burwood",39,33,37,38,58,79,85,121,118,119,121,320,113,154,166,93,378,214,352,410,307,12922,198,16473,
"Byron",52,38,84,72,117,159,174,215,194,266,158,381,168,130,246,113,382,137,241,321,318,11812,185,15978,
"Cabonne",8,17,38,50,96,116,158,191,117,138,90,160,54,47,76,38,98,36,73,69,120,3795,62,5644,
"Camden",81,66,183,153,227,390,527,672,682,1014,975,2057,1459,1482,2137,1371,3203,1014,1139,677,1259,20151,382,41308,
"Campbelltown (NSW)",140,192,290,306,553,715,1102,1456,1524,1951,1669,3028,1720,1491,1770,903,2165,638,792,550,1707,40145,632,65418,
"Canada Bay",82,85,112,83,153,183,244,290,305,344,256,759,336,485,408,302,1248,599,1230,1835,743,27160,402,37653,
"Canterbury-Bankstown",322,261,547,512,778,1116,1441,1870,1826,2241,1656,4064,1640,1620,2162,1345,4522,1920,2750,2024,3125,96005,1419,135169,
"Carrathool",0,10,15,18,22,27,28,11,6,9,5,7,0,3,0,0,5,0,0,0,21,1026,25,1238,
"Central Coast (NSW)",401,445,808,745,1257,1808,2187,3044,3273,4164,3192,5454,2828,2094,3074,1578,3862,1174,1815,1296,2950,98623,1258,147335,
"Central Darling",0,4,4,3,10,4,0,3,0,0,0,3,0,0,0,0,0,0,0,7,11,837,7,897,
"Cessnock",54,88,163,141,317,525,668,1059,1012,1079,710,943,342,221,369,166,453,140,179,138,571,16162,196,25691,
"Clarence Valley",76,73,197,190,355,500,641,792,598,653,376,501,164,75,155,64,160,42,90,69,373,18060,170,24382,
"Cobar",0,10,19,24,42,55,49,42,28,23,13,30,7,6,0,5,10,5,4,7,27,1453,22,1879,
"Coffs Harbour",74,119,213,177,349,495,615,789,759,1027,758,1118,485,277,490,188,483,135,166,134,587,24719,284,34462,
"Coolamon",0,10,24,22,52,56,50,72,45,57,23,36,10,4,14,6,19,0,4,6,37,1252,24,1823,
"Coonamble",3,6,28,25,33,28,25,33,8,10,6,14,3,0,4,0,0,0,6,15,26,1349,27,1669,
"Cootamundra-Gundagai",12,25,31,48,116,154,153,144,109,85,41,65,16,9,17,8,35,8,14,9,71,3906,43,5122,
"Cowra",9,21,58,54,114,190,174,153,147,113,56,85,19,23,22,6,28,7,17,19,86,4349,53,5814,
"Cumberland",175,151,264,247,410,592,843,1059,1187,1464,1225,2813,1278,1323,1378,819,2581,907,1203,932,2063,61061,919,84896,
"Dubbo",42,55,118,136,308,522,620,854,753,786,466,664,234,130,249,116,254,54,119,94,463,15602,164,22812,
"Dungog",4,16,32,24,42,79,86,136,89,139,89,139,58,62,95,45,121,47,41,40,100,2530,44,4070,
"Edward River",10,6,32,48,107,147,147,89,86,80,32,53,14,3,12,3,17,7,9,17,57,2816,46,3848,
"Eurobodalla",81,70,157,125,195,252,312,412,390,430,262,414,152,86,181,66,187,40,84,66,239,15014,161,19361,
"Fairfield",159,207,364,298,510,711,1072,1160,1143,1292,854,2232,809,793,1091,570,1897,576,764,525,1676,52848,971,72520,
"Federation",6,29,54,33,114,180,189,207,158,130,71,92,31,13,37,12,28,8,19,11,115,4266,52,5852,
"Forbes",12,12,32,33,98,130,128,137,111,88,47,70,22,14,25,5,30,7,11,16,66,2992,55,4143,
"Georges River",186,128,242,199,309,408,545,652,683,786,656,1695,752,769,854,512,2035,935,1694,1873,1333,41612,722,59587,
"Gilgandra",3,21,16,25,36,39,46,33,29,26,14,16,5,7,7,0,8,0,12,11,34,1489,42,1911,
"Glen Innes Severn",3,20,41,46,106,133,108,85,46,46,28,47,20,11,19,0,17,6,16,22,68,3259,50,4202,
"Goulburn Mulwaree",28,39,65,82,126,234,308,399,411,439,311,444,197,117,196,86,226,53,87,67,218,9462,92,13684,
"Greater Hume",9,22,50,49,108,147,148,169,132,130,71,92,23,29,38,20,41,9,29,26,94,3020,68,4519,
"Griffith",11,23,66,59,112,205,270,406,314,293,181,257,78,39,79,39,108,21,48,38,181,7903,107,10836,
"Gunnedah",8,14,32,42,85,118,164,185,159,147,82,132,50,23,57,23,74,20,21,27,110,3870,80,5532,
"Gwydir",0,6,23,36,39,41,42,36,30,16,8,11,5,5,3,0,16,0,7,10,33,1779,70,2224,
"Hawkesbury",77,79,128,122,226,257,393,508,486,681,553,1016,534,446,723,436,1166,461,628,528,684,15810,293,26216,
"Hay",0,0,17,21,50,39,27,28,16,15,5,10,0,0,4,0,8,0,0,0,16,1100,11,1370,
"Hilltops",15,25,64,90,182,252,270,263,200,151,99,124,32,29,38,14,52,20,21,30,133,6275,102,8485,
"Hornsby",228,162,258,212,325,425,653,695,749,834,732,1762,951,986,1026,681,2573,1499,2757,2470,1351,34325,819,56462,
"Hunters Hill",9,10,7,12,13,23,34,28,35,22,20,93,28,36,42,16,120,75,182,578,111,3512,79,5090,
"Inner West",184,139,236,198,303,446,612,675,656,813,742,1541,748,881,953,700,2439,1491,2868,3950,1151,58319,731,80771,
"Inverell",14,33,56,85,176,216,282,273,156,127,86,130,35,26,39,13,40,12,28,24,100,5786,75,7807,
"Junee",4,6,25,21,64,73,92,75,61,54,33,49,14,5,12,0,16,9,10,13,36,1691,43,2402,
"Kempsey",30,46,125,95,204,271,370,424,288,332,190,245,113,35,86,36,106,27,25,26,225,10094,107,13487,
"Kiama",37,31,47,29,60,84,91,151,138,149,141,289,134,115,212,96,339,117,178,132,161,6791,102,9619,
"Ku-ring-gai",169,77,160,140,182,210,413,322,332,344,312,945,383,569,479,344,1544,886,2172,5004,1141,28489,796,45415,
"Kyogle",17,21,54,54,90,90,116,116,85,81,39,68,19,8,19,7,21,9,13,16,70,3335,21,4367,
"Lachlan",7,13,33,35,67,67,54,49,19,31,16,15,8,4,7,0,13,0,10,9,52,2101,57,2665,
"Lake Macquarie",268,308,567,496,831,1112,1512,2122,2211,2897,2309,3945,1840,1218,2042,946,2193,593,939,631,1755,57319,823,88882,
"Lane Cove",43,29,54,30,50,69,137,109,147,139,141,420,229,265,240,166,562,273,521,1134,323,11271,201,16552,
"Leeton",8,17,45,40,98,145,170,159,119,101,51,98,48,16,44,9,39,6,12,14,96,3243,56,4641,
"Lismore",65,73,129,168,295,389,481,651,561,634,401,567,213,114,198,79,239,63,100,70,326,13772,173,19755,
"Lithgow",19,34,85,61,112,208,256,277,252,239,125,237,67,45,119,41,122,34,56,29,135,6777,72,9419,
"Liverpool",210,181,354,317,521,767,1014,1429,1418,1858,1454,3330,1765,1651,2164,1180,3591,1162,1553,943,2132,49949,903,79856,
"Liverpool Plains",7,8,21,44,72,101,80,76,56,52,17,35,14,9,16,10,24,4,8,15,59,2675,29,3436,
"Lockhart",3,5,8,25,42,35,28,41,22,23,16,20,8,5,7,0,5,3,11,8,24,992,35,1367,
"Maitland",109,106,195,186,319,488,741,1104,1244,1507,1235,1702,780,489,736,311,779,203,295,202,706,22377,269,36088,
"Mid-Coast",106,144,309,294,550,759,879,1156,964,979,623,897,354,231,386,163,369,98,181,138,640,34808,337,45345,
"Mid-Western",30,42,97,83,124,180,226,309,261,367,239,372,131,77,162,59,178,54,90,61,189,7842,71,11241,
"Moree Plains",0,11,39,30,72,94,130,122,89,115,36,65,12,18,19,5,27,10,19,11,87,4607,82,5709,
"Mosman",28,19,27,22,23,47,70,59,58,61,54,165,65,95,69,45,239,118,266,1173,236,9229,195,12368,
"Murray River",13,17,44,44,100,102,138,143,111,159,96,112,27,14,48,10,43,14,21,29,103,4127,56,5585,
"Murrumbidgee",4,3,15,20,53,39,33,33,24,20,5,15,0,0,3,0,5,0,4,9,27,1183,41,1529,
"Muswellbrook",16,15,36,38,110,124,193,247,240,248,126,200,60,29,85,35,91,15,32,30,127,4791,48,6947,
"Nambucca Valley",21,36,86,78,146,200,197,257,201,207,124,180,57,35,57,30,61,16,25,21,134,7441,59,9679,
"Narrabri",6,20,24,43,88,130,166,180,146,125,70,108,32,26,37,19,41,9,16,9,108,4158,61,5603,
"Narrandera",10,7,31,40,72,112,70,76,44,33,15,28,7,7,9,0,14,0,7,5,46,1820,28,2476,
"Narromine",6,8,24,19,61,92,72,75,52,49,21,45,6,12,14,5,13,10,15,13,44,2009,57,2701,
"Newcastle",204,183,354,311,549,804,1032,1468,1515,1978,1541,2590,1284,886,1314,626,1650,481,888,685,1194,50604,614,72746,
"North Sydney",57,45,58,57,87,112,185,202,185,215,189,441,236,298,238,203,675,426,799,1391,394,27828,326,34645,
"Northern Beaches",290,219,381,329,479,640,829,942,907,1038,818,2155,1004,1213,1335,967,3942,2240,4780,7469,2374,68159,1226,103736,
"Oberon",4,6,3,22,35,44,65,76,75,57,43,68,25,22,32,12,39,9,13,12,47,1755,20,2484,
"Orange",29,43,88,88,221,298,411,580,610,701,502,553,243,126,249,105,278,87,132,103,284,12362,100,18196,
"Parkes",16,16,51,62,130,185,224,240,142,136,58,141,31,22,41,10,52,10,25,17,109,4461,70,6260,
"Parramatta",245,179,304,274,432,650,802,1162,1277,1582,1407,3072,1621,1808,1642,1028,3335,1556,2490,2258,1960,72949,1035,103078,
"Penrith",173,189,358,307,590,850,1182,1574,1786,2357,1917,3615,2066,1730,2404,1430,3229,945,1154,954,1971,51775,748,83306,
"Port Macquarie-Hastings",97,108,230,199,359,487,619,746,814,995,778,1159,519,292,544,227,565,147,229,158,501,28963,282,39026,
"Port Stephens",73,114,194,156,383,430,593,806,729,933,612,1084,454,319,493,253,602,183,241,165,587,22749,258,32421,
"Queanbeyan-Palerang",92,72,144,140,241,362,467,589,612,798,666,1099,638,504,742,422,1209,447,511,386,547,15160,195,26039,
"Randwick",128,72,125,110,171,260,343,312,357,407,270,817,312,422,482,336,1362,729,1473,2891,951,43657,587,56566,
"Richmond Valley",31,47,75,81,166,258,299,398,253,261,158,206,87,41,82,48,78,22,30,29,163,7576,72,10463,
"Ryde",157,99,160,139,233,314,438,479,510,577,592,1397,657,783,763,440,1708,769,1679,2119,1118,38086,669,53900,
"Shellharbour",75,112,160,146,255,352,428,671,649,805,726,1393,718,446,855,430,925,267,362,209,644,19599,245,30477,
"Shoalhaven",155,174,318,259,462,694,826,1099,958,1167,884,1208,592,341,613,257,719,201,331,313,789,35930,436,48730,
"Singleton",22,16,48,47,75,143,177,304,315,386,275,455,169,123,209,107,291,97,131,63,216,5964,91,9726,
"Snowy Monaro",16,43,67,65,161,225,275,281,227,239,129,248,82,73,93,51,133,39,61,67,168,7498,93,10331,
"Snowy Valleys",11,21,56,48,128,175,217,216,143,146,86,131,45,19,35,14,43,6,32,12,85,4844,52,6560,
"Strathfield",33,17,42,42,58,79,143,163,180,227,271,646,329,273,247,103,426,161,325,628,378,13058,177,18035,
"Sutherland",268,221,390,338,510,737,954,1111,1150,1429,1253,2745,1424,1438,1990,1280,4669,2287,3800,3285,2026,55856,914,90062,
"Sydney",169,83,166,149,255,369,548,637,640,703,636,1576,761,959,987,699,2417,1156,1975,2639,1077,90014,791,109407,
"Tamworth",37,60,163,156,353,626,811,935,800,849,466,737,264,156,275,118,254,78,149,105,416,19130,190,27128,
"Temora",6,9,36,20,43,96,73,62,57,47,16,40,6,7,13,0,6,0,11,7,57,2028,26,2668,
"Tenterfield",11,15,40,26,56,73,74,60,33,42,22,40,15,3,3,0,15,6,4,3,51,2748,39,3389,
"The Hills",216,149,306,208,362,505,709,726,818,943,780,2064,994,1257,1418,999,4287,2435,4121,3948,2119,35710,1002,66085,
"Tweed",127,145,277,186,389,547,630,885,857,1075,861,1398,603,396,768,318,871,264,380,292,815,30964,375,43429,
"Upper Hunter",16,15,43,42,69,129,160,201,175,192,94,180,59,48,80,18,89,24,46,47,103,4386,71,6281,
"Upper Lachlan",14,0,25,14,51,61,90,131,99,110,73,94,31,37,48,21,46,16,20,31,58,2673,37,3798,
"Uralla",8,19,34,29,51,83,84,99,77,81,38,62,24,16,23,11,25,9,22,17,54,1750,19,2609,
"Wagga Wagga",45,72,163,153,325,573,867,1194,970,980,619,779,260,132,292,107,334,106,174,145,507,18707,205,27717,
"Walcha",3,5,14,7,24,31,27,12,15,13,9,17,3,7,5,0,9,4,10,13,23,1095,39,1373,
"Walgett",5,4,20,22,28,21,23,22,5,4,3,15,3,4,0,0,8,0,0,15,25,2323,56,2612,
"Warren",0,3,8,16,20,24,19,18,10,9,0,12,3,0,6,3,4,0,0,4,29,898,19,1121,
"Warrumbungle",6,21,64,66,92,91,81,76,47,32,9,33,4,5,14,6,20,7,14,28,65,3392,73,4267,
"Waverley",50,33,57,51,62,111,156,131,151,172,121,367,138,194,210,150,604,394,763,2050,569,23368,320,30215,
"Weddin",3,19,30,23,42,41,45,42,19,19,10,15,0,4,5,5,9,0,6,10,20,1291,27,1675,
"Wentworth",4,4,38,39,69,97,93,88,71,77,40,76,19,14,29,9,20,6,13,14,51,2208,31,3119,
"Willoughby",81,59,65,64,89,132,186,197,174,199,178,465,194,225,241,191,729,426,923,2221,525,22151,400,30112,
"Wingecarribee",62,75,116,100,162,241,295,400,403,453,433,739,390,296,422,250,635,245,389,469,457,15517,240,22794,
"Wollondilly",55,53,118,86,171,195,298,453,428,575,500,967,533,453,768,431,1130,430,622,416,575,10203,201,19650,
"Wollongong",218,196,412,365,637,875,1147,1485,1587,1958,1619,3010,1404,1141,1945,1086,2798,961,1399,933,1529,61159,713,88580,
"Woollahra",43,31,43,43,49,71,106,109,94,113,74,270,70,125,131,103,430,260,577,1966,439,18221,388,23753,
"Yass Valley",22,30,46,32,75,85,136,174,180,238,188,274,144,83,216,96,323,141,170,132,133,3776,61,6765,
"Unincorporated NSW",0,4,0,3,5,0,3,13,3,3,0,5,0,3,0,0,5,5,0,10,9,464,11,538,
"Migratory - Offshore - Shipping (NSW)",0,0,0,0,0,0,0,0,0,0,0,0,0,0,0,0,0,0,0,0,0,37,0,37,
"Total",8114,8105,15630,14209,25519,35867,46312,58004,55927,66473,51098,97499,46523,41862,55341,31334,95495,38753,63446,71747,65751,2247824,32997,3273823,

"Dataset: Census of Population and Housing, 2021, TableBuilder"

"INFO","Cells in this table have been randomly adjusted to avoid the release of confidential data. No reliance should be placed on small cells."


"Copyright Commonwealth of Australia, 2021, see abs.gov.au/copyright"
"ABS data licensed under Creative Commons, see abs.gov.au/ccby"
